custom_ship_name
18
core -1.37758e-006 78.2222 0
armour -64 142.222 -180
armour 64 142.222 180
armour -64 14.2222 0
armour -64 78.2222 -90
armour -128 78.2222 -90
laser -128 14.2222 0
armour 64 78.2222 360
armour 64 14.2222 90
launcher -1.37758e-006 14.2222 0
armour -3.28493e-006 142.222 180
armour 128 78.2222 180
laser 128 14.2222 360
armour -1.37758e-006 -49.7778 0
scaffold -1.37758e-006 -113.778 0
scaffold -1.37758e-006 -177.778 0
scaffold -1.37758e-006 -241.778 0
pointy -1.37758e-006 -305.778 0
