custom_ship_name
34
core 2.07424e-005 7.52938 0
scaffold 2.07424e-005 -56.4706 0
scaffold 64 7.52938 90
scaffold -64 7.52938 -90
scaffold 2.07424e-005 71.5294 180
scaffold 1.3113e-005 135.529 180
scaffold -128 7.52939 -90
scaffold 128 7.52939 90
scaffold 2.07424e-005 -120.471 0
scaffold -192 7.52939 -90
scaffold -192 -56.4706 0
scaffold -192 -120.471 0
scaffold -192 -184.471 0
scaffold -128 -184.471 90
scaffold -64 -184.471 90
scaffold 1.3113e-005 -184.471 90
scaffold 64 -184.471 90
scaffold 128 -184.471 90
scaffold 192 -184.471 90
scaffold 192 -120.471 180
scaffold 192 -56.4706 180
scaffold 192 7.52939 90
laser 1.3113e-005 -248.471 0
scaffold -192 71.5294 -180
scaffold -192 135.529 -180
scaffold -192 199.529 -180
scaffold 192 71.5294 180
scaffold -128 199.529 -270
scaffold 1.12057e-005 199.529 180
scaffold 192 135.529 180
scaffold 192 199.529 180
scaffold -64 199.529 270
scaffold 64 199.529 90
scaffold 128 199.529 270
